volume=0.0008844530887105627
stress=1231177728
param_0=0.04676381
param_1=0.01531319
param_2=0.01362013
param_3=0.00851428
param_4=0.01117427
param_5=0.01795529
